model_params: {variant: dpn98}
stages:
  data_params:
    batch_size: 32
    height: 224
    mean: [0.48627450980392156, 0.4588235294117647, 0.40784313725490196]
    std: [0.23482446870963955, 0.23482446870963955, 0.23482446870963955]
    width: 224
